expiration,DTE,strike,option_type,openInterest
2026-08-21,2,35.0,CALL,15.0
2026-08-21,2,37.5,CALL,5.0
2026-08-21,2,40.0,CALL,21.0
2026-08-21,2,42.5,CALL,17.0
2026-08-21,2,45.0,CALL,57.0
2026-08-21,2,47.5,CALL,142.0
2026-08-21,2,50.0,CALL,207.0
2026-08-21,2,55.0,CALL,152.0
2026-08-21,2,60.0,CALL,1378.0
2026-08-21,2,62.0,CALL,736.0
2026-08-21,2,62.5,CALL,128.0
2026-08-21,2,63.0,CALL,35.0
2026-08-21,2,64.0,CALL,44.0
2026-08-21,2,65.0,CALL,1708.0
2026-08-21,2,66.0,CALL,237.0
2026-08-21,2,67.0,CALL,167.0
2026-08-21,2,67.5,CALL,91.0
2026-08-21,2,68.0,CALL,135.0
2026-08-21,2,69.0,CALL,76.0
2026-08-21,2,70.0,CALL,1670.0
2026-08-21,2,71.0,CALL,223.0
2026-08-21,2,71.5,CALL,106.0
2026-08-21,2,72.0,CALL,269.0
2026-08-21,2,72.5,CALL,232.0
2026-08-21,2,73.0,CALL,177.0
2026-08-21,2,73.5,CALL,93.0
2026-08-21,2,74.0,CALL,119.0
2026-08-21,2,75.0,CALL,3483.0
2026-08-21,2,76.0,CALL,93.0
2026-08-21,2,77.0,CALL,211.0
2026-08-21,2,77.5,CALL,561.0
2026-08-21,2,78.0,CALL,191.0
2026-08-21,2,79.0,CALL,389.0
2026-08-21,2,80.0,CALL,10589.0
2026-08-21,2,81.0,CALL,915.0
2026-08-21,2,82.0,CALL,171.0
2026-08-21,2,82.5,CALL,1976.0
2026-08-21,2,83.0,CALL,272.0
2026-08-21,2,84.0,CALL,274.0
2026-08-21,2,85.0,CALL,4026.0
2026-08-21,2,86.0,CALL,558.0
2026-08-21,2,87.0,CALL,502.0
2026-08-21,2,87.5,CALL,3359.0
2026-08-21,2,88.0,CALL,348.0
2026-08-21,2,89.0,CALL,371.0
2026-08-21,2,90.0,CALL,6620.0
2026-08-21,2,91.0,CALL,649.0
2026-08-21,2,92.0,CALL,1024.0
2026-08-21,2,92.5,CALL,812.0
2026-08-21,2,93.0,CALL,239.0
2026-08-21,2,94.0,CALL,572.0
2026-08-21,2,95.0,CALL,19679.0
2026-08-21,2,96.0,CALL,1973.0
2026-08-21,2,97.0,CALL,1283.0
2026-08-21,2,97.5,CALL,2454.0
2026-08-21,2,98.0,CALL,763.0
2026-08-21,2,99.0,CALL,1019.0
2026-08-21,2,100.0,CALL,38180.0
2026-08-21,2,101.0,CALL,559.0
2026-08-21,2,102.0,CALL,601.0
2026-08-21,2,103.0,CALL,496.0
2026-08-21,2,104.0,CALL,786.0
2026-08-21,2,105.0,CALL,5621.0
2026-08-21,2,106.0,CALL,1223.0
2026-08-21,2,107.0,CALL,1531.0
2026-08-21,2,108.0,CALL,1640.0
2026-08-21,2,109.0,CALL,857.0
2026-08-21,2,110.0,CALL,17040.0
2026-08-21,2,111.0,CALL,1153.0
2026-08-21,2,112.0,CALL,1652.0
2026-08-21,2,113.0,CALL,547.0
2026-08-21,2,114.0,CALL,720.0
2026-08-21,2,115.0,CALL,9866.0
2026-08-21,2,116.0,CALL,1107.0
2026-08-21,2,117.0,CALL,1768.0
2026-08-21,2,118.0,CALL,1202.0
2026-08-21,2,119.0,CALL,512.0
2026-08-21,2,120.0,CALL,24586.0
2026-08-21,2,121.0,CALL,398.0
2026-08-21,2,122.0,CALL,1270.0
2026-08-21,2,125.0,CALL,8444.0
2026-08-21,2,130.0,CALL,9579.0
2026-08-21,2,135.0,CALL,4679.0
2026-08-21,2,140.0,CALL,4158.0
2026-08-21,2,145.0,CALL,3385.0
2026-08-21,2,150.0,CALL,5311.0
2026-08-21,2,155.0,CALL,1579.0
2026-08-21,2,160.0,CALL,1659.0
2026-08-21,2,165.0,CALL,1145.0
2026-08-21,2,170.0,CALL,815.0
2026-08-21,2,175.0,CALL,2186.0
2026-08-21,2,180.0,CALL,1120.0
2026-08-21,2,185.0,CALL,489.0
2026-08-21,2,190.0,CALL,437.0
2026-08-21,2,195.0,CALL,131.0
2026-08-21,2,200.0,CALL,1114.0
2026-08-21,2,210.0,CALL,1491.0
2026-08-21,2,35.0,PUT,1297.0
2026-08-21,2,37.5,PUT,1321.0
2026-08-21,2,40.0,PUT,996.0
2026-08-21,2,42.5,PUT,155.0
2026-08-21,2,45.0,PUT,1764.0
2026-08-21,2,47.5,PUT,3146.0
2026-08-21,2,50.0,PUT,4372.0
2026-08-21,2,55.0,PUT,4309.0
2026-08-21,2,60.0,PUT,5358.0
2026-08-21,2,62.0,PUT,1413.0
2026-08-21,2,62.5,PUT,748.0
2026-08-21,2,63.0,PUT,598.0
2026-08-21,2,64.0,PUT,596.0
2026-08-21,2,65.0,PUT,5883.0
2026-08-21,2,66.0,PUT,439.0
2026-08-21,2,67.0,PUT,755.0
2026-08-21,2,67.5,PUT,2096.0
2026-08-21,2,68.0,PUT,373.0
2026-08-21,2,69.0,PUT,1771.0
2026-08-21,2,70.0,PUT,6004.0
2026-08-21,2,71.0,PUT,837.0
2026-08-21,2,71.5,PUT,170.0
2026-08-21,2,72.0,PUT,1656.0
2026-08-21,2,72.5,PUT,1124.0
2026-08-21,2,73.0,PUT,267.0
2026-08-21,2,73.5,PUT,194.0
2026-08-21,2,74.0,PUT,696.0
2026-08-21,2,75.0,PUT,7874.0
2026-08-21,2,76.0,PUT,425.0
2026-08-21,2,77.0,PUT,309.0
2026-08-21,2,77.5,PUT,1395.0
2026-08-21,2,78.0,PUT,219.0
2026-08-21,2,79.0,PUT,201.0
2026-08-21,2,80.0,PUT,17831.0
2026-08-21,2,81.0,PUT,230.0
2026-08-21,2,82.0,PUT,524.0
2026-08-21,2,82.5,PUT,790.0
2026-08-21,2,83.0,PUT,1331.0
2026-08-21,2,84.0,PUT,670.0
2026-08-21,2,85.0,PUT,5767.0
2026-08-21,2,86.0,PUT,675.0
2026-08-21,2,87.0,PUT,683.0
2026-08-21,2,87.5,PUT,2467.0
2026-08-21,2,88.0,PUT,932.0
2026-08-21,2,89.0,PUT,1548.0
2026-08-21,2,90.0,PUT,14377.0
2026-08-21,2,91.0,PUT,4549.0
2026-08-21,2,92.0,PUT,2269.0
2026-08-21,2,92.5,PUT,1695.0
2026-08-21,2,93.0,PUT,1657.0
2026-08-21,2,94.0,PUT,1811.0
2026-08-21,2,95.0,PUT,10636.0
2026-08-21,2,96.0,PUT,1256.0
2026-08-21,2,97.0,PUT,1098.0
2026-08-21,2,97.5,PUT,834.0
2026-08-21,2,98.0,PUT,1112.0
2026-08-21,2,99.0,PUT,1251.0
2026-08-21,2,100.0,PUT,6159.0
2026-08-21,2,101.0,PUT,596.0
2026-08-21,2,102.0,PUT,889.0
2026-08-21,2,103.0,PUT,584.0
2026-08-21,2,104.0,PUT,613.0
2026-08-21,2,105.0,PUT,4408.0
2026-08-21,2,106.0,PUT,955.0
2026-08-21,2,107.0,PUT,647.0
2026-08-21,2,108.0,PUT,310.0
2026-08-21,2,109.0,PUT,284.0
2026-08-21,2,110.0,PUT,3088.0
2026-08-21,2,111.0,PUT,111.0
2026-08-21,2,112.0,PUT,73.0
2026-08-21,2,113.0,PUT,88.0
2026-08-21,2,114.0,PUT,247.0
2026-08-21,2,115.0,PUT,753.0
2026-08-21,2,116.0,PUT,108.0
2026-08-21,2,117.0,PUT,117.0
2026-08-21,2,118.0,PUT,2.0
2026-08-21,2,119.0,PUT,129.0
2026-08-21,2,120.0,PUT,5409.0
2026-08-21,2,121.0,PUT,1.0
2026-08-21,2,122.0,PUT,2.0
2026-08-21,2,125.0,PUT,130.0
2026-08-21,2,130.0,PUT,633.0
2026-08-21,2,135.0,PUT,0.0
2026-08-21,2,140.0,PUT,0.0
2026-08-21,2,145.0,PUT,0.0
2026-08-21,2,150.0,PUT,0.0
2026-08-21,2,155.0,PUT,0.0
2026-08-21,2,160.0,PUT,0.0
2026-08-21,2,165.0,PUT,0.0
2026-08-21,2,170.0,PUT,0.0
2026-08-21,2,175.0,PUT,0.0
2026-08-21,2,180.0,PUT,18.0
2026-08-21,2,185.0,PUT,21.0
2026-08-21,2,190.0,PUT,0.0
2026-08-21,2,195.0,PUT,10.0
2026-08-21,2,200.0,PUT,0.0
2026-08-21,2,210.0,PUT,0.0
2026-08-28,9,40.0,CALL,4.0
2026-08-28,9,45.0,CALL,30.0
2026-08-28,9,50.0,CALL,74.0
2026-08-28,9,52.0,CALL,40.0
2026-08-28,9,55.0,CALL,8.0
2026-08-28,9,56.0,CALL,70.0
2026-08-28,9,60.0,CALL,71.0
2026-08-28,9,62.0,CALL,10.0
2026-08-28,9,64.0,CALL,50.0
2026-08-28,9,65.0,CALL,118.0
2026-08-28,9,66.0,CALL,1.0
2026-08-28,9,67.0,CALL,2.0
2026-08-28,9,68.0,CALL,12.0
2026-08-28,9,69.0,CALL,13.0
2026-08-28,9,70.0,CALL,360.0
2026-08-28,9,71.0,CALL,66.0
2026-08-28,9,72.0,CALL,46.0
2026-08-28,9,73.0,CALL,95.0
2026-08-28,9,74.0,CALL,56.0
2026-08-28,9,75.0,CALL,221.0
2026-08-28,9,76.0,CALL,80.0
2026-08-28,9,77.0,CALL,80.0
2026-08-28,9,78.0,CALL,30.0
2026-08-28,9,79.0,CALL,55.0
2026-08-28,9,80.0,CALL,461.0
2026-08-28,9,81.0,CALL,125.0
2026-08-28,9,82.0,CALL,133.0
2026-08-28,9,83.0,CALL,89.0
2026-08-28,9,84.0,CALL,184.0
2026-08-28,9,85.0,CALL,284.0
2026-08-28,9,86.0,CALL,52.0
2026-08-28,9,87.0,CALL,145.0
2026-08-28,9,88.0,CALL,108.0
2026-08-28,9,89.0,CALL,768.0
2026-08-28,9,90.0,CALL,797.0
2026-08-28,9,91.0,CALL,148.0
2026-08-28,9,92.0,CALL,323.0
2026-08-28,9,93.0,CALL,187.0
2026-08-28,9,94.0,CALL,329.0
2026-08-28,9,95.0,CALL,1757.0
2026-08-28,9,96.0,CALL,294.0
2026-08-28,9,97.0,CALL,892.0
2026-08-28,9,98.0,CALL,721.0
2026-08-28,9,99.0,CALL,437.0
2026-08-28,9,100.0,CALL,2113.0
2026-08-28,9,101.0,CALL,172.0
2026-08-28,9,102.0,CALL,165.0
2026-08-28,9,103.0,CALL,123.0
2026-08-28,9,104.0,CALL,178.0
2026-08-28,9,105.0,CALL,1129.0
2026-08-28,9,106.0,CALL,192.0
2026-08-28,9,107.0,CALL,180.0
2026-08-28,9,108.0,CALL,189.0
2026-08-28,9,109.0,CALL,74.0
2026-08-28,9,110.0,CALL,2800.0
2026-08-28,9,111.0,CALL,93.0
2026-08-28,9,112.0,CALL,319.0
2026-08-28,9,113.0,CALL,108.0
2026-08-28,9,114.0,CALL,63.0
2026-08-28,9,115.0,CALL,2193.0
2026-08-28,9,116.0,CALL,150.0
2026-08-28,9,117.0,CALL,222.0
2026-08-28,9,118.0,CALL,271.0
2026-08-28,9,119.0,CALL,268.0
2026-08-28,9,120.0,CALL,2218.0
2026-08-28,9,121.0,CALL,53.0
2026-08-28,9,122.0,CALL,63.0
2026-08-28,9,125.0,CALL,1863.0
2026-08-28,9,130.0,CALL,2578.0
2026-08-28,9,135.0,CALL,189.0
2026-08-28,9,140.0,CALL,246.0
2026-08-28,9,145.0,CALL,74.0
2026-08-28,9,150.0,CALL,295.0
2026-08-28,9,155.0,CALL,226.0
2026-08-28,9,160.0,CALL,8.0
2026-08-28,9,165.0,CALL,65.0
2026-08-28,9,40.0,PUT,371.0
2026-08-28,9,45.0,PUT,83.0
2026-08-28,9,50.0,PUT,282.0
2026-08-28,9,52.0,PUT,10.0
2026-08-28,9,53.0,PUT,1037.0
2026-08-28,9,54.0,PUT,55.0
2026-08-28,9,55.0,PUT,321.0
2026-08-28,9,56.0,PUT,122.0
2026-08-28,9,57.0,PUT,39.0
2026-08-28,9,58.0,PUT,299.0
2026-08-28,9,59.0,PUT,28.0
2026-08-28,9,60.0,PUT,417.0
2026-08-28,9,61.0,PUT,62.0
2026-08-28,9,62.0,PUT,232.0
2026-08-28,9,63.0,PUT,235.0
2026-08-28,9,64.0,PUT,55.0
2026-08-28,9,65.0,PUT,522.0
2026-08-28,9,66.0,PUT,21.0
2026-08-28,9,67.0,PUT,42.0
2026-08-28,9,68.0,PUT,1142.0
2026-08-28,9,69.0,PUT,129.0
2026-08-28,9,70.0,PUT,576.0
2026-08-28,9,71.0,PUT,74.0
2026-08-28,9,72.0,PUT,123.0
2026-08-28,9,73.0,PUT,80.0
2026-08-28,9,74.0,PUT,158.0
2026-08-28,9,75.0,PUT,657.0
2026-08-28,9,76.0,PUT,124.0
2026-08-28,9,77.0,PUT,220.0
2026-08-28,9,78.0,PUT,105.0
2026-08-28,9,79.0,PUT,214.0
2026-08-28,9,80.0,PUT,944.0
2026-08-28,9,81.0,PUT,277.0
2026-08-28,9,82.0,PUT,580.0
2026-08-28,9,83.0,PUT,255.0
2026-08-28,9,84.0,PUT,172.0
2026-08-28,9,85.0,PUT,858.0
2026-08-28,9,86.0,PUT,923.0
2026-08-28,9,87.0,PUT,234.0
2026-08-28,9,88.0,PUT,345.0
2026-08-28,9,89.0,PUT,170.0
2026-08-28,9,90.0,PUT,1835.0
2026-08-28,9,91.0,PUT,186.0
2026-08-28,9,92.0,PUT,528.0
2026-08-28,9,93.0,PUT,251.0
2026-08-28,9,94.0,PUT,234.0
2026-08-28,9,95.0,PUT,1705.0
2026-08-28,9,96.0,PUT,669.0
2026-08-28,9,97.0,PUT,207.0
2026-08-28,9,98.0,PUT,468.0
2026-08-28,9,99.0,PUT,201.0
2026-08-28,9,100.0,PUT,1559.0
2026-08-28,9,101.0,PUT,197.0
2026-08-28,9,102.0,PUT,84.0
2026-08-28,9,103.0,PUT,62.0
2026-08-28,9,104.0,PUT,34.0
2026-08-28,9,105.0,PUT,336.0
2026-08-28,9,106.0,PUT,112.0
2026-08-28,9,107.0,PUT,32.0
2026-08-28,9,108.0,PUT,199.0
2026-08-28,9,109.0,PUT,128.0
2026-08-28,9,110.0,PUT,331.0
2026-08-28,9,111.0,PUT,6.0
2026-08-28,9,112.0,PUT,24.0
2026-08-28,9,113.0,PUT,12.0
2026-08-28,9,114.0,PUT,11.0
2026-08-28,9,115.0,PUT,124.0
2026-08-28,9,116.0,PUT,2.0
2026-08-28,9,117.0,PUT,4.0
2026-08-28,9,118.0,PUT,5.0
2026-08-28,9,119.0,PUT,1.0
2026-08-28,9,120.0,PUT,820.0
2026-08-28,9,122.0,PUT,41.0
2026-08-28,9,125.0,PUT,183.0
2026-08-28,9,130.0,PUT,27.0
2026-08-28,9,165.0,PUT,0.0
2026-09-04,16,40.0,CALL,41.0
2026-09-04,16,45.0,CALL,41.0
2026-09-04,16,50.0,CALL,25.0
2026-09-04,16,52.0,CALL,1.0
2026-09-04,16,54.0,CALL,35.0
2026-09-04,16,55.0,CALL,5.0
2026-09-04,16,57.0,CALL,0.0
2026-09-04,16,58.0,CALL,0.0
2026-09-04,16,59.0,CALL,40.0
2026-09-04,16,60.0,CALL,103.0
2026-09-04,16,61.0,CALL,1.0
2026-09-04,16,62.0,CALL,0.0
2026-09-04,16,63.0,CALL,2.0
2026-09-04,16,64.0,CALL,1.0
2026-09-04,16,65.0,CALL,86.0
2026-09-04,16,66.0,CALL,3.0
2026-09-04,16,67.0,CALL,2.0
2026-09-04,16,68.0,CALL,4.0
2026-09-04,16,69.0,CALL,5.0
2026-09-04,16,70.0,CALL,100.0
2026-09-04,16,71.0,CALL,22.0
2026-09-04,16,72.0,CALL,80.0
2026-09-04,16,73.0,CALL,105.0
2026-09-04,16,74.0,CALL,53.0
2026-09-04,16,75.0,CALL,99.0
2026-09-04,16,76.0,CALL,42.0
2026-09-04,16,77.0,CALL,9.0
2026-09-04,16,78.0,CALL,39.0
2026-09-04,16,79.0,CALL,47.0
2026-09-04,16,80.0,CALL,255.0
2026-09-04,16,81.0,CALL,378.0
2026-09-04,16,82.0,CALL,90.0
2026-09-04,16,83.0,CALL,41.0
2026-09-04,16,84.0,CALL,70.0
2026-09-04,16,85.0,CALL,203.0
2026-09-04,16,86.0,CALL,137.0
2026-09-04,16,87.0,CALL,94.0
2026-09-04,16,88.0,CALL,52.0
2026-09-04,16,89.0,CALL,246.0
2026-09-04,16,90.0,CALL,397.0
2026-09-04,16,91.0,CALL,134.0
2026-09-04,16,92.0,CALL,203.0
2026-09-04,16,93.0,CALL,160.0
2026-09-04,16,94.0,CALL,185.0
2026-09-04,16,95.0,CALL,399.0
2026-09-04,16,96.0,CALL,73.0
2026-09-04,16,97.0,CALL,64.0
2026-09-04,16,98.0,CALL,64.0
2026-09-04,16,99.0,CALL,107.0
2026-09-04,16,100.0,CALL,868.0
2026-09-04,16,101.0,CALL,60.0
2026-09-04,16,102.0,CALL,95.0
2026-09-04,16,103.0,CALL,56.0
2026-09-04,16,104.0,CALL,42.0
2026-09-04,16,105.0,CALL,587.0
2026-09-04,16,106.0,CALL,49.0
2026-09-04,16,107.0,CALL,327.0
2026-09-04,16,108.0,CALL,178.0
2026-09-04,16,109.0,CALL,100.0
2026-09-04,16,110.0,CALL,708.0
2026-09-04,16,111.0,CALL,70.0
2026-09-04,16,112.0,CALL,56.0
2026-09-04,16,113.0,CALL,135.0
2026-09-04,16,114.0,CALL,43.0
2026-09-04,16,115.0,CALL,627.0
2026-09-04,16,116.0,CALL,63.0
2026-09-04,16,117.0,CALL,41.0
2026-09-04,16,118.0,CALL,60.0
2026-09-04,16,119.0,CALL,34.0
2026-09-04,16,120.0,CALL,1452.0
2026-09-04,16,121.0,CALL,16.0
2026-09-04,16,122.0,CALL,275.0
2026-09-04,16,125.0,CALL,1123.0
2026-09-04,16,130.0,CALL,156.0
2026-09-04,16,135.0,CALL,429.0
2026-09-04,16,140.0,CALL,118.0
2026-09-04,16,145.0,CALL,32.0
2026-09-04,16,150.0,CALL,56.0
2026-09-04,16,155.0,CALL,7.0
2026-09-04,16,160.0,CALL,37.0
2026-09-04,16,165.0,CALL,19.0
2026-09-04,16,40.0,PUT,257.0
2026-09-04,16,45.0,PUT,26.0
2026-09-04,16,50.0,PUT,519.0
2026-09-04,16,52.0,PUT,18.0
2026-09-04,16,53.0,PUT,202.0
2026-09-04,16,54.0,PUT,17.0
2026-09-04,16,55.0,PUT,328.0
2026-09-04,16,56.0,PUT,12950.0
2026-09-04,16,57.0,PUT,260.0
2026-09-04,16,58.0,PUT,44.0
2026-09-04,16,59.0,PUT,99.0
2026-09-04,16,60.0,PUT,356.0
2026-09-04,16,61.0,PUT,52.0
2026-09-04,16,62.0,PUT,84.0
2026-09-04,16,63.0,PUT,58.0
2026-09-04,16,64.0,PUT,28.0
2026-09-04,16,65.0,PUT,370.0
2026-09-04,16,66.0,PUT,131.0
2026-09-04,16,67.0,PUT,106.0
2026-09-04,16,68.0,PUT,153.0
2026-09-04,16,69.0,PUT,161.0
2026-09-04,16,70.0,PUT,270.0
2026-09-04,16,71.0,PUT,227.0
2026-09-04,16,72.0,PUT,468.0
2026-09-04,16,73.0,PUT,122.0
2026-09-04,16,74.0,PUT,155.0
2026-09-04,16,75.0,PUT,498.0
2026-09-04,16,76.0,PUT,43.0
2026-09-04,16,77.0,PUT,56.0
2026-09-04,16,78.0,PUT,134.0
2026-09-04,16,79.0,PUT,116.0
2026-09-04,16,80.0,PUT,628.0
2026-09-04,16,81.0,PUT,85.0
2026-09-04,16,82.0,PUT,103.0
2026-09-04,16,83.0,PUT,152.0
2026-09-04,16,84.0,PUT,56.0
2026-09-04,16,85.0,PUT,414.0
2026-09-04,16,86.0,PUT,150.0
2026-09-04,16,87.0,PUT,136.0
2026-09-04,16,88.0,PUT,327.0
2026-09-04,16,89.0,PUT,274.0
2026-09-04,16,90.0,PUT,500.0
2026-09-04,16,91.0,PUT,137.0
2026-09-04,16,92.0,PUT,113.0
2026-09-04,16,93.0,PUT,227.0
2026-09-04,16,94.0,PUT,209.0
2026-09-04,16,95.0,PUT,551.0
2026-09-04,16,96.0,PUT,65.0
2026-09-04,16,97.0,PUT,82.0
2026-09-04,16,98.0,PUT,149.0
2026-09-04,16,99.0,PUT,48.0
2026-09-04,16,100.0,PUT,828.0
2026-09-04,16,101.0,PUT,41.0
2026-09-04,16,102.0,PUT,21.0
2026-09-04,16,103.0,PUT,81.0
2026-09-04,16,104.0,PUT,27.0
2026-09-04,16,105.0,PUT,450.0
2026-09-04,16,106.0,PUT,49.0
2026-09-04,16,107.0,PUT,50.0
2026-09-04,16,108.0,PUT,83.0
2026-09-04,16,109.0,PUT,10.0
2026-09-04,16,110.0,PUT,339.0
2026-09-04,16,111.0,PUT,71.0
2026-09-04,16,113.0,PUT,13.0
2026-09-04,16,114.0,PUT,3.0
2026-09-04,16,115.0,PUT,39.0
2026-09-04,16,116.0,PUT,36.0
2026-09-04,16,117.0,PUT,1.0
2026-09-04,16,119.0,PUT,8.0
2026-09-04,16,120.0,PUT,27.0
2026-09-04,16,122.0,PUT,1.0
2026-09-04,16,125.0,PUT,75.0
2026-09-11,23,45.0,CALL,26.0
2026-09-11,23,52.0,CALL,25.0
2026-09-11,23,54.0,CALL,0.0
2026-09-11,23,55.0,CALL,0.0
2026-09-11,23,56.0,CALL,0.0
2026-09-11,23,57.0,CALL,1.0
2026-09-11,23,58.0,CALL,1.0
2026-09-11,23,59.0,CALL,25.0
2026-09-11,23,60.0,CALL,0.0
2026-09-11,23,61.0,CALL,2.0
2026-09-11,23,62.0,CALL,2.0
2026-09-11,23,63.0,CALL,1.0
2026-09-11,23,64.0,CALL,1.0
2026-09-11,23,65.0,CALL,2.0
2026-09-11,23,66.0,CALL,1.0
2026-09-11,23,67.0,CALL,1.0
2026-09-11,23,68.0,CALL,2.0
2026-09-11,23,69.0,CALL,26.0
2026-09-11,23,70.0,CALL,4.0
2026-09-11,23,71.0,CALL,11.0
2026-09-11,23,72.0,CALL,4.0
2026-09-11,23,73.0,CALL,34.0
2026-09-11,23,74.0,CALL,52.0
2026-09-11,23,75.0,CALL,51.0
2026-09-11,23,76.0,CALL,17.0
2026-09-11,23,77.0,CALL,5.0
2026-09-11,23,78.0,CALL,7.0
2026-09-11,23,79.0,CALL,44.0
2026-09-11,23,80.0,CALL,72.0
2026-09-11,23,81.0,CALL,19.0
2026-09-11,23,82.0,CALL,14.0
2026-09-11,23,83.0,CALL,18.0
2026-09-11,23,84.0,CALL,17.0
2026-09-11,23,85.0,CALL,45.0
2026-09-11,23,86.0,CALL,55.0
2026-09-11,23,87.0,CALL,79.0
2026-09-11,23,88.0,CALL,130.0
2026-09-11,23,89.0,CALL,55.0
2026-09-11,23,90.0,CALL,241.0
2026-09-11,23,91.0,CALL,110.0
2026-09-11,23,92.0,CALL,103.0
2026-09-11,23,93.0,CALL,110.0
2026-09-11,23,94.0,CALL,64.0
2026-09-11,23,95.0,CALL,147.0
2026-09-11,23,96.0,CALL,84.0
2026-09-11,23,97.0,CALL,398.0
2026-09-11,23,98.0,CALL,320.0
2026-09-11,23,99.0,CALL,76.0
2026-09-11,23,100.0,CALL,375.0
2026-09-11,23,101.0,CALL,268.0
2026-09-11,23,102.0,CALL,73.0
2026-09-11,23,103.0,CALL,71.0
2026-09-11,23,104.0,CALL,74.0
2026-09-11,23,105.0,CALL,225.0
2026-09-11,23,106.0,CALL,55.0
2026-09-11,23,107.0,CALL,46.0
2026-09-11,23,108.0,CALL,35.0
2026-09-11,23,109.0,CALL,24.0
2026-09-11,23,110.0,CALL,434.0
2026-09-11,23,111.0,CALL,22.0
2026-09-11,23,112.0,CALL,31.0
2026-09-11,23,113.0,CALL,64.0
2026-09-11,23,114.0,CALL,27.0
2026-09-11,23,115.0,CALL,501.0
2026-09-11,23,116.0,CALL,112.0
2026-09-11,23,117.0,CALL,35.0
2026-09-11,23,118.0,CALL,24.0
2026-09-11,23,119.0,CALL,31.0
2026-09-11,23,120.0,CALL,448.0
2026-09-11,23,121.0,CALL,18.0
2026-09-11,23,122.0,CALL,24.0
2026-09-11,23,125.0,CALL,475.0
2026-09-11,23,130.0,CALL,76.0
2026-09-11,23,135.0,CALL,107.0
2026-09-11,23,140.0,CALL,83.0
2026-09-11,23,145.0,CALL,55.0
2026-09-11,23,150.0,CALL,22.0
2026-09-11,23,155.0,CALL,209.0
2026-09-11,23,160.0,CALL,3.0
2026-09-11,23,165.0,CALL,1.0
2026-09-11,23,40.0,PUT,18.0
2026-09-11,23,45.0,PUT,52.0
2026-09-11,23,50.0,PUT,64.0
2026-09-11,23,52.0,PUT,69.0
2026-09-11,23,53.0,PUT,33.0
2026-09-11,23,54.0,PUT,36.0
2026-09-11,23,55.0,PUT,186.0
2026-09-11,23,56.0,PUT,9.0
2026-09-11,23,57.0,PUT,8.0
2026-09-11,23,58.0,PUT,106.0
2026-09-11,23,59.0,PUT,32.0
2026-09-11,23,60.0,PUT,142.0
2026-09-11,23,61.0,PUT,13.0
2026-09-11,23,62.0,PUT,31.0
2026-09-11,23,63.0,PUT,54.0
2026-09-11,23,64.0,PUT,56.0
2026-09-11,23,65.0,PUT,124.0
2026-09-11,23,66.0,PUT,53.0
2026-09-11,23,67.0,PUT,17.0
2026-09-11,23,68.0,PUT,185.0
2026-09-11,23,69.0,PUT,114.0
2026-09-11,23,70.0,PUT,571.0
2026-09-11,23,71.0,PUT,273.0
2026-09-11,23,72.0,PUT,264.0
2026-09-11,23,73.0,PUT,277.0
2026-09-11,23,74.0,PUT,380.0
2026-09-11,23,75.0,PUT,315.0
2026-09-11,23,76.0,PUT,301.0
2026-09-11,23,77.0,PUT,336.0
2026-09-11,23,78.0,PUT,1148.0
2026-09-11,23,79.0,PUT,294.0
2026-09-11,23,80.0,PUT,404.0
2026-09-11,23,81.0,PUT,305.0
2026-09-11,23,82.0,PUT,305.0
2026-09-11,23,83.0,PUT,311.0
2026-09-11,23,84.0,PUT,269.0
2026-09-11,23,85.0,PUT,448.0
2026-09-11,23,86.0,PUT,46.0
2026-09-11,23,87.0,PUT,137.0
2026-09-11,23,88.0,PUT,235.0
2026-09-11,23,89.0,PUT,60.0
2026-09-11,23,90.0,PUT,519.0
2026-09-11,23,91.0,PUT,64.0
2026-09-11,23,92.0,PUT,50.0
2026-09-11,23,93.0,PUT,313.0
2026-09-11,23,94.0,PUT,71.0
2026-09-11,23,95.0,PUT,257.0
2026-09-11,23,96.0,PUT,67.0
2026-09-11,23,97.0,PUT,49.0
2026-09-11,23,98.0,PUT,89.0
2026-09-11,23,99.0,PUT,51.0
2026-09-11,23,100.0,PUT,241.0
2026-09-11,23,101.0,PUT,44.0
2026-09-11,23,102.0,PUT,118.0
2026-09-11,23,103.0,PUT,109.0
2026-09-11,23,104.0,PUT,30.0
2026-09-11,23,105.0,PUT,54.0
2026-09-11,23,106.0,PUT,204.0
2026-09-11,23,107.0,PUT,22.0
2026-09-11,23,108.0,PUT,32.0
2026-09-11,23,109.0,PUT,71.0
2026-09-11,23,110.0,PUT,85.0
2026-09-11,23,111.0,PUT,2.0
2026-09-11,23,112.0,PUT,2.0
2026-09-11,23,114.0,PUT,8.0
2026-09-11,23,115.0,PUT,47.0
2026-09-11,23,117.0,PUT,62.0
2026-09-11,23,120.0,PUT,6.0
2026-09-11,23,125.0,PUT,201.0
2026-09-11,23,150.0,PUT,100.0
2026-09-11,23,155.0,PUT,30.0
2026-09-18,30,35.0,CALL,41.0
2026-09-18,30,37.5,CALL,9.0
2026-09-18,30,40.0,CALL,30.0
2026-09-18,30,42.5,CALL,0.0
2026-09-18,30,45.0,CALL,4658.0
2026-09-18,30,47.5,CALL,53.0
2026-09-18,30,50.0,CALL,284.0
2026-09-18,30,55.0,CALL,275.0
2026-09-18,30,60.0,CALL,283.0
2026-09-18,30,62.5,CALL,230.0
2026-09-18,30,65.0,CALL,1015.0
2026-09-18,30,67.5,CALL,444.0
2026-09-18,30,70.0,CALL,3273.0
2026-09-18,30,72.5,CALL,2842.0
2026-09-18,30,75.0,CALL,2095.0
2026-09-18,30,77.5,CALL,1049.0
2026-09-18,30,80.0,CALL,11955.0
2026-09-18,30,82.5,CALL,1506.0
2026-09-18,30,85.0,CALL,3015.0
2026-09-18,30,87.5,CALL,756.0
2026-09-18,30,90.0,CALL,6546.0
2026-09-18,30,92.5,CALL,1346.0
2026-09-18,30,95.0,CALL,1678.0
2026-09-18,30,97.5,CALL,1204.0
2026-09-18,30,100.0,CALL,10205.0
2026-09-18,30,105.0,CALL,3537.0
2026-09-18,30,110.0,CALL,61802.0
2026-09-18,30,115.0,CALL,39953.0
2026-09-18,30,120.0,CALL,15466.0
2026-09-18,30,125.0,CALL,5724.0
2026-09-18,30,130.0,CALL,7045.0
2026-09-18,30,135.0,CALL,2546.0
2026-09-18,30,140.0,CALL,14966.0
2026-09-18,30,145.0,CALL,1972.0
2026-09-18,30,150.0,CALL,14256.0
2026-09-18,30,155.0,CALL,2078.0
2026-09-18,30,160.0,CALL,4011.0
2026-09-18,30,165.0,CALL,1735.0
2026-09-18,30,170.0,CALL,5516.0
2026-09-18,30,175.0,CALL,923.0
2026-09-18,30,180.0,CALL,4000.0
2026-09-18,30,185.0,CALL,678.0
2026-09-18,30,190.0,CALL,6243.0
2026-09-18,30,195.0,CALL,3941.0
2026-09-18,30,200.0,CALL,5979.0
2026-09-18,30,210.0,CALL,2484.0
2026-09-18,30,220.0,CALL,361.0
2026-09-18,30,230.0,CALL,307.0
2026-09-18,30,240.0,CALL,5560.0
2026-09-18,30,250.0,CALL,1105.0
2026-09-18,30,260.0,CALL,419.0
2026-09-18,30,270.0,CALL,794.0
2026-09-18,30,280.0,CALL,4748.0
2026-09-18,30,35.0,PUT,2431.0
2026-09-18,30,37.5,PUT,634.0
2026-09-18,30,40.0,PUT,1112.0
2026-09-18,30,42.5,PUT,377.0
2026-09-18,30,45.0,PUT,3921.0
2026-09-18,30,47.5,PUT,1285.0
2026-09-18,30,50.0,PUT,7191.0
2026-09-18,30,55.0,PUT,3819.0
2026-09-18,30,60.0,PUT,7400.0
2026-09-18,30,62.5,PUT,10387.0
2026-09-18,30,65.0,PUT,8530.0
2026-09-18,30,67.5,PUT,1166.0
2026-09-18,30,70.0,PUT,10098.0
2026-09-18,30,72.5,PUT,2931.0
2026-09-18,30,75.0,PUT,8327.0
2026-09-18,30,77.5,PUT,3300.0
2026-09-18,30,80.0,PUT,8722.0
2026-09-18,30,82.5,PUT,2170.0
2026-09-18,30,85.0,PUT,9833.0
2026-09-18,30,87.5,PUT,1223.0
2026-09-18,30,90.0,PUT,9955.0
2026-09-18,30,92.5,PUT,2160.0
2026-09-18,30,95.0,PUT,2235.0
2026-09-18,30,97.5,PUT,1211.0
2026-09-18,30,100.0,PUT,5753.0
2026-09-18,30,105.0,PUT,2794.0
2026-09-18,30,110.0,PUT,2842.0
2026-09-18,30,115.0,PUT,1904.0
2026-09-18,30,120.0,PUT,2494.0
2026-09-18,30,125.0,PUT,2425.0
2026-09-18,30,130.0,PUT,540.0
2026-09-18,30,135.0,PUT,521.0
2026-09-18,30,140.0,PUT,317.0
2026-09-18,30,145.0,PUT,272.0
2026-09-18,30,150.0,PUT,227.0
2026-09-18,30,155.0,PUT,100.0
2026-09-18,30,160.0,PUT,5.0
2026-09-18,30,165.0,PUT,40.0
2026-09-18,30,170.0,PUT,3.0
2026-09-18,30,175.0,PUT,0.0
2026-09-18,30,180.0,PUT,0.0
2026-09-18,30,185.0,PUT,5.0
2026-09-18,30,190.0,PUT,10.0
2026-09-18,30,195.0,PUT,0.0
2026-09-18,30,200.0,PUT,0.0
2026-09-18,30,210.0,PUT,0.0
2026-09-18,30,220.0,PUT,0.0
2026-09-18,30,230.0,PUT,0.0
2026-09-18,30,240.0,PUT,4.0
2026-09-18,30,250.0,PUT,0.0
2026-09-18,30,260.0,PUT,7.0
2026-09-18,30,270.0,PUT,0.0
2026-09-18,30,280.0,PUT,0.0
2026-09-25,37,50.0,CALL,1.0
2026-09-25,37,55.0,CALL,60.0
2026-09-25,37,60.0,CALL,2.0
2026-09-25,37,65.0,CALL,2.0
2026-09-25,37,70.0,CALL,51.0
2026-09-25,37,75.0,CALL,9.0
2026-09-25,37,76.0,CALL,19.0
2026-09-25,37,77.0,CALL,2.0
2026-09-25,37,78.0,CALL,1.0
2026-09-25,37,79.0,CALL,4.0
2026-09-25,37,80.0,CALL,23.0
2026-09-25,37,81.0,CALL,2.0
2026-09-25,37,82.0,CALL,4.0
2026-09-25,37,83.0,CALL,28.0
2026-09-25,37,84.0,CALL,12.0
2026-09-25,37,85.0,CALL,40.0
2026-09-25,37,86.0,CALL,18.0
2026-09-25,37,87.0,CALL,4.0
2026-09-25,37,88.0,CALL,44.0
2026-09-25,37,89.0,CALL,32.0
2026-09-25,37,90.0,CALL,74.0
2026-09-25,37,91.0,CALL,97.0
2026-09-25,37,92.0,CALL,26.0
2026-09-25,37,93.0,CALL,29.0
2026-09-25,37,94.0,CALL,62.0
2026-09-25,37,95.0,CALL,120.0
2026-09-25,37,96.0,CALL,91.0
2026-09-25,37,97.0,CALL,38.0
2026-09-25,37,98.0,CALL,43.0
2026-09-25,37,99.0,CALL,112.0
2026-09-25,37,100.0,CALL,324.0
2026-09-25,37,101.0,CALL,65.0
2026-09-25,37,102.0,CALL,117.0
2026-09-25,37,103.0,CALL,53.0
2026-09-25,37,104.0,CALL,49.0
2026-09-25,37,105.0,CALL,245.0
2026-09-25,37,106.0,CALL,67.0
2026-09-25,37,107.0,CALL,19.0
2026-09-25,37,108.0,CALL,82.0
2026-09-25,37,109.0,CALL,37.0
2026-09-25,37,110.0,CALL,314.0
2026-09-25,37,111.0,CALL,14.0
2026-09-25,37,112.0,CALL,50.0
2026-09-25,37,113.0,CALL,9.0
2026-09-25,37,114.0,CALL,5.0
2026-09-25,37,115.0,CALL,117.0
2026-09-25,37,116.0,CALL,15.0
2026-09-25,37,117.0,CALL,8.0
2026-09-25,37,118.0,CALL,5.0
2026-09-25,37,119.0,CALL,16.0
2026-09-25,37,120.0,CALL,393.0
2026-09-25,37,121.0,CALL,513.0
2026-09-25,37,122.0,CALL,51.0
2026-09-25,37,125.0,CALL,326.0
2026-09-25,37,130.0,CALL,119.0
2026-09-25,37,135.0,CALL,85.0
2026-09-25,37,140.0,CALL,1293.0
2026-09-25,37,145.0,CALL,40.0
2026-09-25,37,150.0,CALL,57.0
2026-09-25,37,155.0,CALL,65.0
2026-09-25,37,160.0,CALL,24.0
2026-09-25,37,165.0,CALL,51.0
2026-09-25,37,45.0,PUT,23.0
2026-09-25,37,50.0,PUT,39.0
2026-09-25,37,55.0,PUT,42.0
2026-09-25,37,60.0,PUT,37.0
2026-09-25,37,65.0,PUT,107.0
2026-09-25,37,70.0,PUT,9312.0
2026-09-25,37,75.0,PUT,1520.0
2026-09-25,37,76.0,PUT,279.0
2026-09-25,37,77.0,PUT,291.0
2026-09-25,37,78.0,PUT,319.0
2026-09-25,37,79.0,PUT,253.0
2026-09-25,37,80.0,PUT,351.0
2026-09-25,37,81.0,PUT,299.0
2026-09-25,37,82.0,PUT,338.0
2026-09-25,37,83.0,PUT,302.0
2026-09-25,37,84.0,PUT,301.0
2026-09-25,37,85.0,PUT,527.0
2026-09-25,37,86.0,PUT,367.0
2026-09-25,37,87.0,PUT,283.0
2026-09-25,37,88.0,PUT,311.0
2026-09-25,37,89.0,PUT,319.0
2026-09-25,37,90.0,PUT,210.0
2026-09-25,37,91.0,PUT,94.0
2026-09-25,37,92.0,PUT,72.0
2026-09-25,37,93.0,PUT,39.0
2026-09-25,37,94.0,PUT,118.0
2026-09-25,37,95.0,PUT,211.0
2026-09-25,37,96.0,PUT,81.0
2026-09-25,37,97.0,PUT,161.0
2026-09-25,37,98.0,PUT,65.0
2026-09-25,37,99.0,PUT,65.0
2026-09-25,37,100.0,PUT,160.0
2026-09-25,37,101.0,PUT,28.0
2026-09-25,37,102.0,PUT,26.0
2026-09-25,37,103.0,PUT,23.0
2026-09-25,37,104.0,PUT,32.0
2026-09-25,37,105.0,PUT,75.0
2026-09-25,37,106.0,PUT,8.0
2026-09-25,37,107.0,PUT,64.0
2026-09-25,37,108.0,PUT,66.0
2026-09-25,37,109.0,PUT,39.0
2026-09-25,37,110.0,PUT,150.0
2026-09-25,37,111.0,PUT,6.0
2026-09-25,37,112.0,PUT,7.0
2026-09-25,37,113.0,PUT,4.0
2026-09-25,37,114.0,PUT,2.0
2026-09-25,37,115.0,PUT,26.0
2026-09-25,37,116.0,PUT,12.0
2026-09-25,37,120.0,PUT,18.0
2026-09-25,37,122.0,PUT,18.0
2026-09-25,37,125.0,PUT,43.0
2026-10-02,44,70.0,CALL,11.0
2026-10-02,44,75.0,CALL,9.0
2026-10-02,44,80.0,CALL,22.0
2026-10-02,44,90.0,CALL,28.0
2026-10-02,44,95.0,CALL,228.0
2026-10-02,44,99.0,CALL,30.0
2026-10-02,44,100.0,CALL,119.0
2026-10-02,44,101.0,CALL,118.0
2026-10-02,44,102.0,CALL,126.0
2026-10-02,44,103.0,CALL,21.0
2026-10-02,44,105.0,CALL,202.0
2026-10-02,44,106.0,CALL,65.0
2026-10-02,44,108.0,CALL,13.0
2026-10-02,44,109.0,CALL,58.0
2026-10-02,44,110.0,CALL,85.0
2026-10-02,44,111.0,CALL,129.0
2026-10-02,44,112.0,CALL,29.0
2026-10-02,44,114.0,CALL,49.0
2026-10-02,44,115.0,CALL,164.0
2026-10-02,44,116.0,CALL,11.0
2026-10-02,44,117.0,CALL,7.0
2026-10-02,44,120.0,CALL,52.0
2026-10-02,44,121.0,CALL,11.0
2026-10-02,44,122.0,CALL,18.0
2026-10-02,44,125.0,CALL,93.0
2026-10-02,44,130.0,CALL,74.0
2026-10-02,44,135.0,CALL,27.0
2026-10-02,44,155.0,CALL,12.0
2026-10-02,44,160.0,CALL,15.0
2026-10-02,44,60.0,PUT,12.0
2026-10-02,44,65.0,PUT,34.0
2026-10-02,44,70.0,PUT,93.0
2026-10-02,44,75.0,PUT,182.0
2026-10-02,44,80.0,PUT,245.0
2026-10-02,44,85.0,PUT,115.0
2026-10-02,44,90.0,PUT,103.0
2026-10-02,44,95.0,PUT,93.0
2026-10-02,44,96.0,PUT,45.0
2026-10-02,44,97.0,PUT,83.0
2026-10-02,44,98.0,PUT,5.0
2026-10-02,44,99.0,PUT,27.0
2026-10-02,44,100.0,PUT,105.0
2026-10-02,44,101.0,PUT,10.0
2026-10-02,44,102.0,PUT,11.0
2026-10-02,44,103.0,PUT,13.0
2026-10-02,44,104.0,PUT,6.0
2026-10-02,44,105.0,PUT,56.0
2026-10-02,44,106.0,PUT,9.0
2026-10-02,44,107.0,PUT,6.0
2026-10-02,44,108.0,PUT,6.0
2026-10-02,44,109.0,PUT,5.0
2026-10-02,44,110.0,PUT,3.0
2026-10-02,44,115.0,PUT,14.0
2026-10-02,44,120.0,PUT,2.0
2026-10-16,58,35.0,CALL,15.0
2026-10-16,58,37.5,CALL,54.0
2026-10-16,58,40.0,CALL,83.0
2026-10-16,58,42.5,CALL,23.0
2026-10-16,58,45.0,CALL,162.0
2026-10-16,58,47.5,CALL,13.0
2026-10-16,58,50.0,CALL,86.0
2026-10-16,58,55.0,CALL,42.0
2026-10-16,58,60.0,CALL,191.0
2026-10-16,58,65.0,CALL,336.0
2026-10-16,58,67.5,CALL,180.0
2026-10-16,58,70.0,CALL,499.0
2026-10-16,58,72.5,CALL,488.0
2026-10-16,58,75.0,CALL,488.0
2026-10-16,58,77.5,CALL,336.0
2026-10-16,58,80.0,CALL,7193.0
2026-10-16,58,82.5,CALL,354.0
2026-10-16,58,85.0,CALL,1102.0
2026-10-16,58,87.5,CALL,1422.0
2026-10-16,58,90.0,CALL,1232.0
2026-10-16,58,92.5,CALL,445.0
2026-10-16,58,95.0,CALL,6424.0
2026-10-16,58,97.5,CALL,755.0
2026-10-16,58,100.0,CALL,2923.0
2026-10-16,58,105.0,CALL,3241.0
2026-10-16,58,110.0,CALL,7036.0
2026-10-16,58,115.0,CALL,1667.0
2026-10-16,58,120.0,CALL,11943.0
2026-10-16,58,125.0,CALL,3616.0
2026-10-16,58,130.0,CALL,2084.0
2026-10-16,58,135.0,CALL,1847.0
2026-10-16,58,140.0,CALL,7662.0
2026-10-16,58,145.0,CALL,3462.0
2026-10-16,58,150.0,CALL,6245.0
2026-10-16,58,155.0,CALL,7979.0
2026-10-16,58,160.0,CALL,4639.0
2026-10-16,58,165.0,CALL,2347.0
2026-10-16,58,170.0,CALL,466.0
2026-10-16,58,175.0,CALL,2898.0
2026-10-16,58,180.0,CALL,8702.0
2026-10-16,58,185.0,CALL,488.0
2026-10-16,58,190.0,CALL,658.0
2026-10-16,58,195.0,CALL,7415.0
2026-10-16,58,200.0,CALL,2887.0
2026-10-16,58,35.0,PUT,1587.0
2026-10-16,58,37.5,PUT,360.0
2026-10-16,58,40.0,PUT,1491.0
2026-10-16,58,42.5,PUT,709.0
2026-10-16,58,45.0,PUT,2254.0
2026-10-16,58,47.5,PUT,2245.0
2026-10-16,58,50.0,PUT,11949.0
2026-10-16,58,55.0,PUT,2918.0
2026-10-16,58,60.0,PUT,22954.0
2026-10-16,58,65.0,PUT,1981.0
2026-10-16,58,67.5,PUT,1159.0
2026-10-16,58,70.0,PUT,6893.0
2026-10-16,58,72.5,PUT,3533.0
2026-10-16,58,75.0,PUT,4268.0
2026-10-16,58,77.5,PUT,497.0
2026-10-16,58,80.0,PUT,2886.0
2026-10-16,58,82.5,PUT,360.0
2026-10-16,58,85.0,PUT,1369.0
2026-10-16,58,87.5,PUT,1366.0
2026-10-16,58,90.0,PUT,3665.0
2026-10-16,58,92.5,PUT,1428.0
2026-10-16,58,95.0,PUT,1206.0
2026-10-16,58,97.5,PUT,1047.0
2026-10-16,58,100.0,PUT,2614.0
2026-10-16,58,105.0,PUT,3862.0
2026-10-16,58,110.0,PUT,2604.0
2026-10-16,58,115.0,PUT,1186.0
2026-10-16,58,120.0,PUT,536.0
2026-10-16,58,125.0,PUT,141.0
2026-10-16,58,130.0,PUT,248.0
2026-10-16,58,135.0,PUT,106.0
2026-10-16,58,140.0,PUT,60.0
2026-10-16,58,145.0,PUT,734.0
2026-10-16,58,150.0,PUT,58.0
2026-10-16,58,155.0,PUT,57.0
2026-10-16,58,160.0,PUT,24.0
2026-10-16,58,165.0,PUT,12.0
2026-10-16,58,170.0,PUT,12.0
2026-10-16,58,175.0,PUT,63.0
2026-10-16,58,180.0,PUT,56.0
2026-10-16,58,185.0,PUT,85.0
2026-10-16,58,190.0,PUT,50.0
2026-10-16,58,195.0,PUT,0.0
2026-10-16,58,200.0,PUT,0.0
2026-11-20,93,35.0,CALL,121.0
2026-11-20,93,40.0,CALL,28.0
2026-11-20,93,42.5,CALL,67.0
2026-11-20,93,45.0,CALL,58.0
2026-11-20,93,47.5,CALL,2.0
2026-11-20,93,50.0,CALL,23.0
2026-11-20,93,55.0,CALL,92.0
2026-11-20,93,60.0,CALL,90.0
2026-11-20,93,65.0,CALL,233.0
2026-11-20,93,70.0,CALL,196.0
2026-11-20,93,72.5,CALL,54.0
2026-11-20,93,75.0,CALL,3556.0
2026-11-20,93,77.5,CALL,125.0
2026-11-20,93,80.0,CALL,395.0
2026-11-20,93,82.5,CALL,171.0
2026-11-20,93,85.0,CALL,3430.0
2026-11-20,93,87.5,CALL,1698.0
2026-11-20,93,90.0,CALL,529.0
2026-11-20,93,95.0,CALL,2923.0
2026-11-20,93,97.5,CALL,432.0
2026-11-20,93,100.0,CALL,2492.0
2026-11-20,93,105.0,CALL,4011.0
2026-11-20,93,110.0,CALL,2777.0
2026-11-20,93,115.0,CALL,954.0
2026-11-20,93,120.0,CALL,2443.0
2026-11-20,93,125.0,CALL,1155.0
2026-11-20,93,130.0,CALL,1300.0
2026-11-20,93,135.0,CALL,1861.0
2026-11-20,93,140.0,CALL,1449.0
2026-11-20,93,145.0,CALL,728.0
2026-11-20,93,150.0,CALL,1437.0
2026-11-20,93,155.0,CALL,3933.0
2026-11-20,93,160.0,CALL,1564.0
2026-11-20,93,165.0,CALL,443.0
2026-11-20,93,170.0,CALL,454.0
2026-11-20,93,175.0,CALL,2236.0
2026-11-20,93,180.0,CALL,944.0
2026-11-20,93,185.0,CALL,377.0
2026-11-20,93,190.0,CALL,689.0
2026-11-20,93,195.0,CALL,661.0
2026-11-20,93,200.0,CALL,4888.0
2026-11-20,93,35.0,PUT,1017.0
2026-11-20,93,40.0,PUT,1839.0
2026-11-20,93,42.5,PUT,1136.0
2026-11-20,93,45.0,PUT,1980.0
2026-11-20,93,47.5,PUT,420.0
2026-11-20,93,50.0,PUT,2975.0
2026-11-20,93,55.0,PUT,1188.0
2026-11-20,93,60.0,PUT,1926.0
2026-11-20,93,65.0,PUT,672.0
2026-11-20,93,70.0,PUT,4603.0
2026-11-20,93,72.5,PUT,878.0
2026-11-20,93,75.0,PUT,3950.0
2026-11-20,93,77.5,PUT,1559.0
2026-11-20,93,80.0,PUT,3141.0
2026-11-20,93,82.5,PUT,364.0
2026-11-20,93,85.0,PUT,1356.0
2026-11-20,93,87.5,PUT,912.0
2026-11-20,93,90.0,PUT,2769.0
2026-11-20,93,95.0,PUT,1223.0
2026-11-20,93,97.5,PUT,1200.0
2026-11-20,93,100.0,PUT,1301.0
2026-11-20,93,105.0,PUT,639.0
2026-11-20,93,110.0,PUT,714.0
2026-11-20,93,115.0,PUT,491.0
2026-11-20,93,120.0,PUT,909.0
2026-11-20,93,125.0,PUT,2321.0
2026-11-20,93,130.0,PUT,100.0
2026-11-20,93,135.0,PUT,28.0
2026-11-20,93,140.0,PUT,46.0
2026-11-20,93,145.0,PUT,12.0
2026-11-20,93,150.0,PUT,36.0
2026-11-20,93,155.0,PUT,61.0
2026-11-20,93,160.0,PUT,4.0
2026-11-20,93,165.0,PUT,28.0
2026-11-20,93,170.0,PUT,0.0
2026-11-20,93,175.0,PUT,0.0
2026-11-20,93,180.0,PUT,0.0
2026-11-20,93,190.0,PUT,10.0
2026-11-20,93,195.0,PUT,10.0
2026-11-20,93,200.0,PUT,55.0
2026-12-18,121,35.0,CALL,78.0
2026-12-18,121,37.5,CALL,32.0
2026-12-18,121,40.0,CALL,153.0
2026-12-18,121,42.5,CALL,22.0
2026-12-18,121,45.0,CALL,76.0
2026-12-18,121,47.5,CALL,13.0
2026-12-18,121,50.0,CALL,152.0
2026-12-18,121,55.0,CALL,127.0
2026-12-18,121,60.0,CALL,167.0
2026-12-18,121,62.5,CALL,62.0
2026-12-18,121,65.0,CALL,191.0
2026-12-18,121,67.5,CALL,655.0
2026-12-18,121,70.0,CALL,581.0
2026-12-18,121,72.5,CALL,137.0
2026-12-18,121,75.0,CALL,392.0
2026-12-18,121,77.5,CALL,571.0
2026-12-18,121,80.0,CALL,2123.0
2026-12-18,121,82.5,CALL,692.0
2026-12-18,121,85.0,CALL,985.0
2026-12-18,121,87.5,CALL,3356.0
2026-12-18,121,90.0,CALL,1357.0
2026-12-18,121,92.5,CALL,1743.0
2026-12-18,121,95.0,CALL,1516.0
2026-12-18,121,97.5,CALL,565.0
2026-12-18,121,100.0,CALL,1942.0
2026-12-18,121,105.0,CALL,1861.0
2026-12-18,121,110.0,CALL,7432.0
2026-12-18,121,115.0,CALL,2633.0
2026-12-18,121,120.0,CALL,2855.0
2026-12-18,121,125.0,CALL,592.0
2026-12-18,121,130.0,CALL,1712.0
2026-12-18,121,135.0,CALL,1047.0
2026-12-18,121,140.0,CALL,1264.0
2026-12-18,121,145.0,CALL,896.0
2026-12-18,121,150.0,CALL,7366.0
2026-12-18,121,155.0,CALL,1198.0
2026-12-18,121,160.0,CALL,5007.0
2026-12-18,121,165.0,CALL,1159.0
2026-12-18,121,170.0,CALL,4959.0
2026-12-18,121,175.0,CALL,691.0
2026-12-18,121,180.0,CALL,1006.0
2026-12-18,121,185.0,CALL,134.0
2026-12-18,121,190.0,CALL,3526.0
2026-12-18,121,195.0,CALL,227.0
2026-12-18,121,200.0,CALL,5869.0
2026-12-18,121,35.0,PUT,1726.0
2026-12-18,121,37.5,PUT,1188.0
2026-12-18,121,40.0,PUT,612.0
2026-12-18,121,42.5,PUT,449.0
2026-12-18,121,45.0,PUT,925.0
2026-12-18,121,47.5,PUT,381.0
2026-12-18,121,50.0,PUT,8314.0
2026-12-18,121,55.0,PUT,5275.0
2026-12-18,121,60.0,PUT,17562.0
2026-12-18,121,62.5,PUT,1803.0
2026-12-18,121,65.0,PUT,1618.0
2026-12-18,121,67.5,PUT,1611.0
2026-12-18,121,70.0,PUT,7883.0
2026-12-18,121,72.5,PUT,450.0
2026-12-18,121,75.0,PUT,1070.0
2026-12-18,121,77.5,PUT,535.0
2026-12-18,121,80.0,PUT,5302.0
2026-12-18,121,82.5,PUT,1493.0
2026-12-18,121,85.0,PUT,3151.0
2026-12-18,121,87.5,PUT,3308.0
2026-12-18,121,90.0,PUT,1484.0
2026-12-18,121,92.5,PUT,592.0
2026-12-18,121,95.0,PUT,599.0
2026-12-18,121,97.5,PUT,734.0
2026-12-18,121,100.0,PUT,2048.0
2026-12-18,121,105.0,PUT,509.0
2026-12-18,121,110.0,PUT,443.0
2026-12-18,121,115.0,PUT,766.0
2026-12-18,121,120.0,PUT,431.0
2026-12-18,121,125.0,PUT,223.0
2026-12-18,121,130.0,PUT,518.0
2026-12-18,121,135.0,PUT,407.0
2026-12-18,121,140.0,PUT,154.0
2026-12-18,121,145.0,PUT,78.0
2026-12-18,121,150.0,PUT,180.0
2026-12-18,121,155.0,PUT,64.0
2026-12-18,121,160.0,PUT,99.0
2026-12-18,121,165.0,PUT,0.0
2026-12-18,121,170.0,PUT,0.0
2026-12-18,121,175.0,PUT,0.0
2026-12-18,121,180.0,PUT,26.0
2026-12-18,121,190.0,PUT,21.0
2026-12-18,121,195.0,PUT,0.0
2026-12-18,121,200.0,PUT,138.0
2027-01-15,149,17.5,CALL,102.0
2027-01-15,149,20.0,CALL,118.0
2027-01-15,149,22.5,CALL,9.0
2027-01-15,149,25.0,CALL,83.0
2027-01-15,149,27.5,CALL,11.0
2027-01-15,149,28.0,CALL,4.0
2027-01-15,149,30.0,CALL,66.0
2027-01-15,149,32.5,CALL,20.0
2027-01-15,149,35.0,CALL,78.0
2027-01-15,149,37.5,CALL,101.0
2027-01-15,149,40.0,CALL,2327.0
2027-01-15,149,42.5,CALL,50.0
2027-01-15,149,45.0,CALL,73.0
2027-01-15,149,47.5,CALL,156.0
2027-01-15,149,50.0,CALL,369.0
2027-01-15,149,52.5,CALL,34.0
2027-01-15,149,55.0,CALL,258.0
2027-01-15,149,57.5,CALL,118.0
2027-01-15,149,60.0,CALL,640.0
2027-01-15,149,62.5,CALL,223.0
2027-01-15,149,65.0,CALL,580.0
2027-01-15,149,67.5,CALL,297.0
2027-01-15,149,70.0,CALL,666.0
2027-01-15,149,72.5,CALL,145.0
2027-01-15,149,75.0,CALL,741.0
2027-01-15,149,77.5,CALL,278.0
2027-01-15,149,80.0,CALL,2330.0
2027-01-15,149,82.5,CALL,791.0
2027-01-15,149,85.0,CALL,989.0
2027-01-15,149,87.5,CALL,359.0
2027-01-15,149,90.0,CALL,3230.0
2027-01-15,149,92.5,CALL,917.0
2027-01-15,149,95.0,CALL,1117.0
2027-01-15,149,97.5,CALL,644.0
2027-01-15,149,100.0,CALL,10857.0
2027-01-15,149,105.0,CALL,1523.0
2027-01-15,149,110.0,CALL,3214.0
2027-01-15,149,115.0,CALL,9609.0
2027-01-15,149,120.0,CALL,4808.0
2027-01-15,149,125.0,CALL,4199.0
2027-01-15,149,130.0,CALL,2423.0
2027-01-15,149,135.0,CALL,2463.0
2027-01-15,149,140.0,CALL,7089.0
2027-01-15,149,145.0,CALL,1363.0
2027-01-15,149,150.0,CALL,18033.0
2027-01-15,149,155.0,CALL,5633.0
2027-01-15,149,160.0,CALL,2663.0
2027-01-15,149,165.0,CALL,5730.0
2027-01-15,149,170.0,CALL,5924.0
2027-01-15,149,175.0,CALL,2022.0
2027-01-15,149,180.0,CALL,2386.0
2027-01-15,149,185.0,CALL,3931.0
2027-01-15,149,190.0,CALL,1914.0
2027-01-15,149,195.0,CALL,569.0
2027-01-15,149,200.0,CALL,8264.0
2027-01-15,149,210.0,CALL,2786.0
2027-01-15,149,220.0,CALL,3344.0
2027-01-15,149,230.0,CALL,2540.0
2027-01-15,149,240.0,CALL,6017.0
2027-01-15,149,250.0,CALL,2627.0
2027-01-15,149,260.0,CALL,1923.0
2027-01-15,149,270.0,CALL,2817.0
2027-01-15,149,280.0,CALL,18358.0
2027-01-15,149,17.5,PUT,10944.0
2027-01-15,149,20.0,PUT,23364.0
2027-01-15,149,22.5,PUT,450.0
2027-01-15,149,25.0,PUT,3463.0
2027-01-15,149,27.5,PUT,514.0
2027-01-15,149,30.0,PUT,2374.0
2027-01-15,149,32.5,PUT,192.0
2027-01-15,149,35.0,PUT,2240.0
2027-01-15,149,37.5,PUT,1782.0
2027-01-15,149,40.0,PUT,8238.0
2027-01-15,149,42.5,PUT,1461.0
2027-01-15,149,45.0,PUT,5761.0
2027-01-15,149,47.5,PUT,318.0
2027-01-15,149,50.0,PUT,5548.0
2027-01-15,149,52.5,PUT,342.0
2027-01-15,149,55.0,PUT,2359.0
2027-01-15,149,57.5,PUT,1217.0
2027-01-15,149,60.0,PUT,7662.0
2027-01-15,149,62.5,PUT,2946.0
2027-01-15,149,65.0,PUT,5718.0
2027-01-15,149,67.5,PUT,1909.0
2027-01-15,149,70.0,PUT,9707.0
2027-01-15,149,72.5,PUT,615.0
2027-01-15,149,75.0,PUT,2678.0
2027-01-15,149,77.5,PUT,787.0
2027-01-15,149,80.0,PUT,4208.0
2027-01-15,149,82.5,PUT,1888.0
2027-01-15,149,85.0,PUT,2299.0
2027-01-15,149,87.5,PUT,1220.0
2027-01-15,149,90.0,PUT,4187.0
2027-01-15,149,92.5,PUT,491.0
2027-01-15,149,95.0,PUT,2815.0
2027-01-15,149,97.5,PUT,1085.0
2027-01-15,149,100.0,PUT,6658.0
2027-01-15,149,105.0,PUT,761.0
2027-01-15,149,110.0,PUT,2156.0
2027-01-15,149,115.0,PUT,721.0
2027-01-15,149,120.0,PUT,1835.0
2027-01-15,149,125.0,PUT,892.0
2027-01-15,149,130.0,PUT,660.0
2027-01-15,149,135.0,PUT,400.0
2027-01-15,149,140.0,PUT,625.0
2027-01-15,149,145.0,PUT,364.0
2027-01-15,149,150.0,PUT,1932.0
2027-01-15,149,155.0,PUT,309.0
2027-01-15,149,160.0,PUT,354.0
2027-01-15,149,165.0,PUT,278.0
2027-01-15,149,170.0,PUT,605.0
2027-01-15,149,175.0,PUT,44.0
2027-01-15,149,180.0,PUT,315.0
2027-01-15,149,185.0,PUT,14.0
2027-01-15,149,190.0,PUT,118.0
2027-01-15,149,195.0,PUT,35.0
2027-01-15,149,200.0,PUT,94.0
2027-01-15,149,210.0,PUT,0.0
2027-01-15,149,220.0,PUT,27.0
2027-01-15,149,230.0,PUT,0.0
2027-01-15,149,240.0,PUT,100.0
2027-01-15,149,250.0,PUT,6.0
2027-01-15,149,260.0,PUT,0.0
2027-01-15,149,270.0,PUT,0.0
2027-01-15,149,280.0,PUT,0.0
